-- KeyframeSequence Export: TakeTheL

local KeyframeSequence = Instance.new("KeyframeSequence")
KeyframeSequence.Name = "TakeTheL"
local cf = CFrame.new

-- Keyframe 1 (Time: 0)
local keyframe1 = Instance.new("Keyframe")
keyframe1.Time = 0.000000
keyframe1.Parent = KeyframeSequence

--HumanoidRootPart
local HumanoidRootPart_k1 = Instance.new("Pose")
HumanoidRootPart_k1.Name = "HumanoidRootPart"
HumanoidRootPart_k1.CFrame = cf(0.000000,0.000000,0.000000,1.000000,0.000000,0.000000,0.000000,1.000000,0.000000,0.000000,0.000000,1.000000)
HumanoidRootPart_k1.Weight = 1
HumanoidRootPart_k1.EasingStyle = Enum.EasingStyle.Linear
HumanoidRootPart_k1.EasingDirection = Enum.EasingDirection.In
HumanoidRootPart_k1.Parent = keyframe1

--Torso
local Torso_k1 = Instance.new("Pose")
Torso_k1.Name = "Torso"
Torso_k1.CFrame = cf(-0.080989,0.000000,-0.233302,0.994705,0.000000,-0.102770,0.000000,1.000000,0.000000,0.102770,0.000000,0.994705)
Torso_k1.Weight = 1
Torso_k1.EasingStyle = Enum.EasingStyle.Linear
Torso_k1.EasingDirection = Enum.EasingDirection.In
Torso_k1.Parent = keyframe1

--Left Leg
local Left_Leg_k1 = Instance.new("Pose")
Left_Leg_k1.Name = "Left Leg"
Left_Leg_k1.CFrame = cf(-0.006773,0.585573,-0.115220,0.758488,0.481006,0.439692,-0.622565,0.734255,0.270706,-0.192635,-0.479064,0.856382)
Left_Leg_k1.Weight = 1
Left_Leg_k1.EasingStyle = Enum.EasingStyle.Linear
Left_Leg_k1.EasingDirection = Enum.EasingDirection.In
Left_Leg_k1.Parent = keyframe1

--Right Leg
local Right_Leg_k1 = Instance.new("Pose")
Right_Leg_k1.Name = "Right Leg"
Right_Leg_k1.CFrame = cf(0.378045,0.303419,0.111501,0.906048,0.256319,-0.336716,-0.207505,0.962567,0.174374,0.368807,-0.088121,0.925319)
Right_Leg_k1.Weight = 1
Right_Leg_k1.EasingStyle = Enum.EasingStyle.Linear
Right_Leg_k1.EasingDirection = Enum.EasingDirection.In
Right_Leg_k1.Parent = keyframe1

--Left Arm
local Left_Arm_k1 = Instance.new("Pose")
Left_Arm_k1.Name = "Left Arm"
Left_Arm_k1.CFrame = cf(-0.484705,0.058599,-0.412985,-0.035274,0.066945,-0.997133,-0.520303,0.850636,0.075516,0.853253,0.521475,0.004827)
Left_Arm_k1.Weight = 1
Left_Arm_k1.EasingStyle = Enum.EasingStyle.Linear
Left_Arm_k1.EasingDirection = Enum.EasingDirection.In
Left_Arm_k1.Parent = keyframe1

--Right Arm
local Right_Arm_k1 = Instance.new("Pose")
Right_Arm_k1.Name = "Right Arm"
Right_Arm_k1.CFrame = cf(0.319435,0.544588,-0.279294,-0.922627,-0.341914,0.178480,0.382457,-0.751197,0.537988,-0.049872,0.564622,0.823841)
Right_Arm_k1.Weight = 1
Right_Arm_k1.EasingStyle = Enum.EasingStyle.Linear
Right_Arm_k1.EasingDirection = Enum.EasingDirection.In
Right_Arm_k1.Parent = keyframe1

--Head
local Head_k1 = Instance.new("Pose")
Head_k1.Name = "Head"
Head_k1.CFrame = cf(0.000000,0.000000,0.018294,0.998255,-0.000000,0.059044,0.000000,1.000000,0.000000,-0.059044,-0.000000,0.998255)
Head_k1.Weight = 1
Head_k1.EasingStyle = Enum.EasingStyle.Linear
Head_k1.EasingDirection = Enum.EasingDirection.In
Head_k1.Parent = keyframe1

-- Keyframe 2 (Time: 0.032999999821186066)
local keyframe2 = Instance.new("Keyframe")
keyframe2.Time = 0.033000
keyframe2.Parent = KeyframeSequence

--HumanoidRootPart
local HumanoidRootPart_k2 = Instance.new("Pose")
HumanoidRootPart_k2.Name = "HumanoidRootPart"
HumanoidRootPart_k2.CFrame = cf(0.000000,0.000000,0.000000,1.000000,0.000000,0.000000,0.000000,1.000000,0.000000,0.000000,0.000000,1.000000)
HumanoidRootPart_k2.Weight = 1
HumanoidRootPart_k2.EasingStyle = Enum.EasingStyle.Linear
HumanoidRootPart_k2.EasingDirection = Enum.EasingDirection.In
HumanoidRootPart_k2.Parent = keyframe2

--Torso
local Torso_k2 = Instance.new("Pose")
Torso_k2.Name = "Torso"
Torso_k2.CFrame = cf(-0.073011,0.000000,-0.310526,0.994705,0.000000,-0.102770,0.000000,1.000000,0.000000,0.102770,0.000000,0.994705)
Torso_k2.Weight = 1
Torso_k2.EasingStyle = Enum.EasingStyle.Linear
Torso_k2.EasingDirection = Enum.EasingDirection.In
Torso_k2.Parent = keyframe2

--Left Leg
local Left_Leg_k2 = Instance.new("Pose")
Left_Leg_k2.Name = "Left Leg"
Left_Leg_k2.CFrame = cf(0.114970,0.440518,-0.135354,0.646981,0.593925,0.478193,-0.754672,0.588430,0.290208,-0.109021,-0.548637,0.828922)
Left_Leg_k2.Weight = 1
Left_Leg_k2.EasingStyle = Enum.EasingStyle.Linear
Left_Leg_k2.EasingDirection = Enum.EasingDirection.In
Left_Leg_k2.Parent = keyframe2

--Right Leg
local Right_Leg_k2 = Instance.new("Pose")
Right_Leg_k2.Name = "Right Leg"
Right_Leg_k2.CFrame = cf(0.442784,0.366323,0.132936,0.888390,0.295341,-0.351477,-0.245055,0.952473,0.180951,0.388215,-0.074624,0.918543)
Right_Leg_k2.Weight = 1
Right_Leg_k2.EasingStyle = Enum.EasingStyle.Linear
Right_Leg_k2.EasingDirection = Enum.EasingDirection.In
Right_Leg_k2.Parent = keyframe2

--Left Arm
local Left_Arm_k2 = Instance.new("Pose")
Left_Arm_k2.Name = "Left Arm"
Left_Arm_k2.CFrame = cf(-0.478263,0.025105,-0.417951,-0.055854,0.062181,-0.996501,-0.552663,0.829289,0.082723,0.831531,0.555350,-0.011954)
Left_Arm_k2.Weight = 1
Left_Arm_k2.EasingStyle = Enum.EasingStyle.Linear
Left_Arm_k2.EasingDirection = Enum.EasingDirection.In
Left_Arm_k2.Parent = keyframe2

--Right Arm
local Right_Arm_k2 = Instance.new("Pose")
Right_Arm_k2.Name = "Right Arm"
Right_Arm_k2.CFrame = cf(0.280628,0.574433,-0.279791,-0.927929,-0.329667,0.173976,0.368959,-0.745832,0.554621,-0.053083,0.578839,0.813712)
Right_Arm_k2.Weight = 1
Right_Arm_k2.EasingStyle = Enum.EasingStyle.Linear
Right_Arm_k2.EasingDirection = Enum.EasingDirection.In
Right_Arm_k2.Parent = keyframe2

--Head
local Head_k2 = Instance.new("Pose")
Head_k2.Name = "Head"
Head_k2.CFrame = cf(0.000000,0.000000,0.018295,0.998367,-0.000000,0.057121,0.000000,1.000000,0.000000,-0.057121,-0.000000,0.998367)
Head_k2.Weight = 1
Head_k2.EasingStyle = Enum.EasingStyle.Linear
Head_k2.EasingDirection = Enum.EasingDirection.In
Head_k2.Parent = keyframe2

-- Keyframe 3 (Time: 0.06700000166893005)
local keyframe3 = Instance.new("Keyframe")
keyframe3.Time = 0.067000
keyframe3.Parent = KeyframeSequence

--HumanoidRootPart
local HumanoidRootPart_k3 = Instance.new("Pose")
HumanoidRootPart_k3.Name = "HumanoidRootPart"
HumanoidRootPart_k3.CFrame = cf(0.000000,0.000000,0.000000,1.000000,0.000000,0.000000,0.000000,1.000000,0.000000,0.000000,0.000000,1.000000)
HumanoidRootPart_k3.Weight = 1
HumanoidRootPart_k3.EasingStyle = Enum.EasingStyle.Linear
HumanoidRootPart_k3.EasingDirection = Enum.EasingDirection.In
HumanoidRootPart_k3.Parent = keyframe3

--Torso
local Torso_k3 = Instance.new("Pose")
Torso_k3.Name = "Torso"
Torso_k3.CFrame = cf(-0.055938,0.000000,-0.475774,0.994705,0.000000,-0.102770,0.000000,1.000000,0.000000,0.102770,0.000000,0.994705)
Torso_k3.Weight = 1
Torso_k3.EasingStyle = Enum.EasingStyle.Linear
Torso_k3.EasingDirection = Enum.EasingDirection.In
Torso_k3.Parent = keyframe3

--Left Leg
local Left_Leg_k3 = Instance.new("Pose")
Left_Leg_k3.Name = "Left Leg"
Left_Leg_k3.CFrame = cf(0.318693,0.128951,-0.151219,0.380587,0.736735,0.558906,-0.921781,0.253882,0.293026,0.073986,-0.626710,0.775732)
Left_Leg_k3.Weight = 1
Left_Leg_k3.EasingStyle = Enum.EasingStyle.Linear
Left_Leg_k3.EasingDirection = Enum.EasingDirection.In
Left_Leg_k3.Parent = keyframe3

--Right Leg
local Right_Leg_k3 = Instance.new("Pose")
Right_Leg_k3.Name = "Right Leg"
Right_Leg_k3.CFrame = cf(0.524229,0.513243,0.162679,0.852163,0.350466,-0.388576,-0.294960,0.935083,0.196514,0.432223,-0.052847,0.900217)
Right_Leg_k3.Weight = 1
Right_Leg_k3.EasingStyle = Enum.EasingStyle.Linear
Right_Leg_k3.EasingDirection = Enum.EasingDirection.In
Right_Leg_k3.Parent = keyframe3

--Left Arm
local Left_Arm_k3 = Instance.new("Pose")
Left_Arm_k3.Name = "Left Arm"
Left_Arm_k3.CFrame = cf(-0.461917,-0.045757,-0.426249,-0.099734,0.048998,-0.993807,-0.618335,0.779464,0.100483,0.779560,0.624528,-0.047442)
Left_Arm_k3.Weight = 1
Left_Arm_k3.EasingStyle = Enum.EasingStyle.Linear
Left_Arm_k3.EasingDirection = Enum.EasingDirection.In
Left_Arm_k3.Parent = keyframe3

--Right Arm
local Right_Arm_k3 = Instance.new("Pose")
Right_Arm_k3.Name = "Right Arm"
Right_Arm_k3.CFrame = cf(0.197199,0.638288,-0.280649,-0.940485,-0.301491,0.156813,0.333936,-0.734294,0.591015,-0.063038,0.608206,0.791272)
Right_Arm_k3.Weight = 1
Right_Arm_k3.EasingStyle = Enum.EasingStyle.Linear
Right_Arm_k3.EasingDirection = Enum.EasingDirection.In
Right_Arm_k3.Parent = keyframe3

--Head
local Head_k3 = Instance.new("Pose")
Head_k3.Name = "Head"
Head_k3.CFrame = cf(0.000000,0.000000,0.018294,0.998692,-0.000000,0.051127,0.000000,1.000000,0.000000,-0.051127,-0.000000,0.998692)
Head_k3.Weight = 1
Head_k3.EasingStyle = Enum.EasingStyle.Linear
Head_k3.EasingDirection = Enum.EasingDirection.In
Head_k3.Parent = keyframe3

-- Keyframe 4 (Time: 0.10000000149011612)
local keyframe4 = Instance.new("Keyframe")
keyframe4.Time = 0.100000
keyframe4.Parent = KeyframeSequence

--HumanoidRootPart
local HumanoidRootPart_k4 = Instance.new("Pose")
HumanoidRootPart_k4.Name = "HumanoidRootPart"
HumanoidRootPart_k4.CFrame = cf(0.000000,0.000000,0.000000,1.000000,0.000000,0.000000,0.000000,1.000000,0.000000,0.000000,0.000000,1.000000)
HumanoidRootPart_k4.Weight = 1
HumanoidRootPart_k4.EasingStyle = Enum.EasingStyle.Linear
HumanoidRootPart_k4.EasingDirection = Enum.EasingDirection.In
HumanoidRootPart_k4.Parent = keyframe4

--Torso
local Torso_k4 = Instance.new("Pose")
Torso_k4.Name = "Torso"
Torso_k4.CFrame = cf(-0.047959,0.000000,-0.552998,0.994705,0.000000,-0.102770,0.000000,1.000000,0.000000,0.102770,0.000000,0.994705)
Torso_k4.Weight = 1
Torso_k4.EasingStyle = Enum.EasingStyle.Linear
Torso_k4.EasingDirection = Enum.EasingDirection.In
Torso_k4.Parent = keyframe4

--Left Leg
local Left_Leg_k4 = Instance.new("Pose")
Left_Leg_k4.Name = "Left Leg"
Left_Leg_k4.CFrame = cf(0.337296,0.123734,-0.165400,0.307582,0.743730,0.593514,-0.943716,0.158708,0.290194,0.121631,-0.649367,0.750685)
Left_Leg_k4.Weight = 1
Left_Leg_k4.EasingStyle = Enum.EasingStyle.Linear
Left_Leg_k4.EasingDirection = Enum.EasingDirection.In
Left_Leg_k4.Parent = keyframe4

--Right Leg
local Right_Leg_k4 = Instance.new("Pose")
Right_Leg_k4.Name = "Right Leg"
Right_Leg_k4.CFrame = cf(0.535006,0.599538,0.172524,0.832473,0.365280,-0.416604,-0.305970,0.929935,0.203969,0.461921,-0.042331,0.885911)
Right_Leg_k4.Weight = 1
Right_Leg_k4.EasingStyle = Enum.EasingStyle.Linear
Right_Leg_k4.EasingDirection = Enum.EasingDirection.In
Right_Leg_k4.Parent = keyframe4

--Left Arm
local Left_Arm_k4 = Instance.new("Pose")
Left_Arm_k4.Name = "Left Arm"
Left_Arm_k4.CFrame = cf(-0.448746,-0.078590,-0.425321,-0.121185,0.040994,-0.991783,-0.646694,0.754745,0.110216,0.753061,0.654737,-0.064954)
Left_Arm_k4.Weight = 1
Left_Arm_k4.EasingStyle = Enum.EasingStyle.Linear
Left_Arm_k4.EasingDirection = Enum.EasingDirection.In
Left_Arm_k4.Parent = keyframe4

--Right Arm
local Right_Arm_k4 = Instance.new("Pose")
Right_Arm_k4.Name = "Right Arm"
Right_Arm_k4.CFrame = cf(0.157169,0.668617,-0.280760,-0.950167,-0.283006,0.130734,0.301975,-0.731403,0.611442,-0.077422,0.620450,0.780415)
Right_Arm_k4.Weight = 1
Right_Arm_k4.EasingStyle = Enum.EasingStyle.Linear
Right_Arm_k4.EasingDirection = Enum.EasingDirection.In
Right_Arm_k4.Parent = keyframe4

--Head
local Head_k4 = Instance.new("Pose")
Head_k4.Name = "Head"
Head_k4.CFrame = cf(0.000000,0.000000,0.018294,0.999139,-0.000000,0.041480,0.000000,1.000000,0.000000,-0.041480,-0.000000,0.999139)
Head_k4.Weight = 1
Head_k4.EasingStyle = Enum.EasingStyle.Linear
Head_k4.EasingDirection = Enum.EasingDirection.In
Head_k4.Parent = keyframe4

-- Keyframe 5 (Time: 0.13300000131130219)
local keyframe5 = Instance.new("Keyframe")
keyframe5.Time = 0.133000
keyframe5.Parent = KeyframeSequence

--HumanoidRootPart
local HumanoidRootPart_k5 = Instance.new("Pose")
HumanoidRootPart_k5.Name = "HumanoidRootPart"
HumanoidRootPart_k5.CFrame = cf(0.000000,0.000000,0.000000,1.000000,0.000000,0.000000,0.000000,1.000000,0.000000,0.000000,0.000000,1.000000)
HumanoidRootPart_k5.Weight = 1
HumanoidRootPart_k5.EasingStyle = Enum.EasingStyle.Linear
HumanoidRootPart_k5.EasingDirection = Enum.EasingDirection.In
HumanoidRootPart_k5.Parent = keyframe5

--Torso
local Torso_k5 = Instance.new("Pose")
Torso_k5.Name = "Torso"
Torso_k5.CFrame = cf(-0.049916,0.000000,-0.503007,0.995190,0.000000,-0.097961,0.000000,1.000000,0.000000,0.097961,0.000000,0.995190)
Torso_k5.Weight = 1
Torso_k5.EasingStyle = Enum.EasingStyle.Linear
Torso_k5.EasingDirection = Enum.EasingDirection.In
Torso_k5.Parent = keyframe5

--Left Leg
local Left_Leg_k5 = Instance.new("Pose")
Left_Leg_k5.Name = "Left Leg"
Left_Leg_k5.CFrame = cf(0.331237,0.108641,-0.153583,0.279619,0.765233,0.579855,-0.953392,0.149975,0.261824,0.113393,-0.626040,0.771503)
Left_Leg_k5.Weight = 1
Left_Leg_k5.EasingStyle = Enum.EasingStyle.Linear
Left_Leg_k5.EasingDirection = Enum.EasingDirection.In
Left_Leg_k5.Parent = keyframe5

--Right Leg
local Right_Leg_k5 = Instance.new("Pose")
Right_Leg_k5.Name = "Right Leg"
Right_Leg_k5.CFrame = cf(0.522534,0.572164,0.183240,0.832466,0.360137,-0.421072,-0.306153,0.932382,0.192185,0.461813,-0.031075,0.886433)
Right_Leg_k5.Weight = 1
Right_Leg_k5.EasingStyle = Enum.EasingStyle.Linear
Right_Leg_k5.EasingDirection = Enum.EasingDirection.In
Right_Leg_k5.Parent = keyframe5

--Left Arm
local Left_Arm_k5 = Instance.new("Pose")
Left_Arm_k5.Name = "Left Arm"
Left_Arm_k5.CFrame = cf(-0.439785,-0.072681,-0.416797,-0.120255,0.037114,-0.992049,-0.640610,0.760500,0.106105,0.758391,0.648276,-0.067679)
Left_Arm_k5.Weight = 1
Left_Arm_k5.EasingStyle = Enum.EasingStyle.Linear
Left_Arm_k5.EasingDirection = Enum.EasingDirection.In
Left_Arm_k5.Parent = keyframe5

--Right Arm
local Right_Arm_k5 = Instance.new("Pose")
Right_Arm_k5.Name = "Right Arm"
Right_Arm_k5.CFrame = cf(0.160217,0.666672,-0.280772,-0.956126,-0.276665,0.096333,0.275770,-0.739008,0.614669,-0.098867,0.614266,0.782881)
Right_Arm_k5.Weight = 1
Right_Arm_k5.EasingStyle = Enum.EasingStyle.Linear
Right_Arm_k5.EasingDirection = Enum.EasingDirection.In
Right_Arm_k5.Parent = keyframe5

--Head
local Head_k5 = Instance.new("Pose")
Head_k5.Name = "Head"
Head_k5.CFrame = cf(0.000000,0.000000,0.018294,0.999399,-0.000000,0.034664,0.000000,1.000000,0.000000,-0.034664,-0.000000,0.999399)
Head_k5.Weight = 1
Head_k5.EasingStyle = Enum.EasingStyle.Linear
Head_k5.EasingDirection = Enum.EasingDirection.In
Head_k5.Parent = keyframe5

-- Keyframe 6 (Time: 0.16699999570846558)
local keyframe6 = Instance.new("Keyframe")
keyframe6.Time = 0.167000
keyframe6.Parent = KeyframeSequence

--HumanoidRootPart
local HumanoidRootPart_k6 = Instance.new("Pose")
HumanoidRootPart_k6.Name = "HumanoidRootPart"
HumanoidRootPart_k6.CFrame = cf(0.000000,0.000000,0.000000,1.000000,0.000000,0.000000,0.000000,1.000000,0.000000,0.000000,0.000000,1.000000)
HumanoidRootPart_k6.Weight = 1
HumanoidRootPart_k6.EasingStyle = Enum.EasingStyle.Linear
HumanoidRootPart_k6.EasingDirection = Enum.EasingDirection.In
HumanoidRootPart_k6.Parent = keyframe6

--Torso
local Torso_k6 = Instance.new("Pose")
Torso_k6.Name = "Torso"
Torso_k6.CFrame = cf(-0.054316,0.000000,-0.369646,0.996356,0.000000,-0.085294,0.000000,1.000000,0.000000,0.085294,0.000000,0.996356)
Torso_k6.Weight = 1
Torso_k6.EasingStyle = Enum.EasingStyle.Linear
Torso_k6.EasingDirection = Enum.EasingDirection.In
Torso_k6.Parent = keyframe6

--Left Leg
local Left_Leg_k6 = Instance.new("Pose")
Left_Leg_k6.Name = "Left Leg"
Left_Leg_k6.CFrame = cf(0.242645,0.490779,-0.151259,0.429738,0.729168,0.532579,-0.894884,0.422605,0.143483,-0.120447,-0.538256,0.834130)
Left_Leg_k6.Weight = 1
Left_Leg_k6.EasingStyle = Enum.EasingStyle.Linear
Left_Leg_k6.EasingDirection = Enum.EasingDirection.In
Left_Leg_k6.Parent = keyframe6

--Right Leg
local Right_Leg_k6 = Instance.new("Pose")
Right_Leg_k6.Name = "Right Leg"
Right_Leg_k6.CFrame = cf(0.490624,0.472871,0.190939,0.845676,0.340086,-0.411307,-0.298177,0.940252,0.164367,0.442631,-0.016359,0.896555)
Right_Leg_k6.Weight = 1
Right_Leg_k6.EasingStyle = Enum.EasingStyle.Linear
Right_Leg_k6.EasingDirection = Enum.EasingDirection.In
Right_Leg_k6.Parent = keyframe6

--Left Arm
local Left_Arm_k6 = Instance.new("Pose")
Left_Arm_k6.Name = "Left Arm"
Left_Arm_k6.CFrame = cf(-0.429625,-0.055199,-0.404998,-0.113097,0.027514,-0.993203,-0.624171,0.775785,0.092565,0.773058,0.630398,-0.070566)
Left_Arm_k6.Weight = 1
Left_Arm_k6.EasingStyle = Enum.EasingStyle.Linear
Left_Arm_k6.EasingDirection = Enum.EasingDirection.In
Left_Arm_k6.Parent = keyframe6

--Right Arm
local Right_Arm_k6 = Instance.new("Pose")
Right_Arm_k6.Name = "Right Arm"
Right_Arm_k6.CFrame = cf(0.172739,0.658723,-0.281418,-0.960389,-0.274262,0.049335,0.246165,-0.752011,0.611459,-0.130599,0.599383,0.789737)
Right_Arm_k6.Weight = 1
Right_Arm_k6.EasingStyle = Enum.EasingStyle.Linear
Right_Arm_k6.EasingDirection = Enum.EasingDirection.In
Right_Arm_k6.Parent = keyframe6

--Head
local Head_k6 = Instance.new("Pose")
Head_k6.Name = "Head"
Head_k6.CFrame = cf(0.000000,0.000000,0.018294,0.999356,-0.000000,0.035895,0.000000,1.000000,0.000000,-0.035895,-0.000000,0.999356)
Head_k6.Weight = 1
Head_k6.EasingStyle = Enum.EasingStyle.Linear
Head_k6.EasingDirection = Enum.EasingDirection.In
Head_k6.Parent = keyframe6

-- Keyframe 7 (Time: 0.20000000298023224)
local keyframe7 = Instance.new("Keyframe")
keyframe7.Time = 0.200000
keyframe7.Parent = KeyframeSequence

--HumanoidRootPart
local HumanoidRootPart_k7 = Instance.new("Pose")
HumanoidRootPart_k7.Name = "HumanoidRootPart"
HumanoidRootPart_k7.CFrame = cf(0.000000,0.000000,0.000000,1.000000,0.000000,0.000000,0.000000,1.000000,0.000000,0.000000,0.000000,1.000000)
HumanoidRootPart_k7.Weight = 1
HumanoidRootPart_k7.EasingStyle = Enum.EasingStyle.Linear
HumanoidRootPart_k7.EasingDirection = Enum.EasingDirection.In
HumanoidRootPart_k7.Parent = keyframe7

--Torso
local Torso_k7 = Instance.new("Pose")
Torso_k7.Name = "Torso"
Torso_k7.CFrame = cf(-0.056938,0.000000,-0.238246,0.997320,0.000000,-0.073169,0.000000,1.000000,0.000000,0.073169,0.000000,0.997320)
Torso_k7.Weight = 1
Torso_k7.EasingStyle = Enum.EasingStyle.Linear
Torso_k7.EasingDirection = Enum.EasingDirection.In
Torso_k7.Parent = keyframe7

--Left Leg
local Left_Leg_k7 = Instance.new("Pose")
Left_Leg_k7.Name = "Left Leg"
Left_Leg_k7.CFrame = cf(0.261734,0.876123,-0.115118,0.620988,0.609396,0.492961,-0.713757,0.699551,0.034346,-0.323921,-0.373182,0.869373)
Left_Leg_k7.Weight = 1
Left_Leg_k7.EasingStyle = Enum.EasingStyle.Linear
Left_Leg_k7.EasingDirection = Enum.EasingDirection.In
Left_Leg_k7.Parent = keyframe7

--Right Leg
local Right_Leg_k7 = Instance.new("Pose")
Right_Leg_k7.Name = "Right Leg"
Right_Leg_k7.CFrame = cf(0.446858,0.393436,0.191087,0.856165,0.316104,-0.408729,-0.283486,0.948717,0.139902,0.431992,-0.003911,0.901869)
Right_Leg_k7.Weight = 1
Right_Leg_k7.EasingStyle = Enum.EasingStyle.Linear
Right_Leg_k7.EasingDirection = Enum.EasingDirection.In
Right_Leg_k7.Parent = keyframe7

--Left Arm
local Left_Arm_k7 = Instance.new("Pose")
Left_Arm_k7.Name = "Left Arm"
Left_Arm_k7.CFrame = cf(-0.419513,-0.029863,-0.390624,-0.101138,0.014070,-0.994773,-0.600019,0.796714,0.072272,0.793567,0.604192,-0.072136)
Left_Arm_k7.Weight = 1
Left_Arm_k7.EasingStyle = Enum.EasingStyle.Linear
Left_Arm_k7.EasingDirection = Enum.EasingDirection.In
Left_Arm_k7.Parent = keyframe7

--Right Arm
local Right_Arm_k7 = Instance.new("Pose")
Right_Arm_k7.Name = "Right Arm"
Right_Arm_k7.CFrame = cf(0.192789,0.645650,-0.282226,-0.961578,-0.274513,-0.003319,0.217447,-0.768952,0.601190,-0.167586,0.577370,0.799099)
Right_Arm_k7.Weight = 1
Right_Arm_k7.EasingStyle = Enum.EasingStyle.Linear
Right_Arm_k7.EasingDirection = Enum.EasingDirection.In
Right_Arm_k7.Parent = keyframe7

--Head
local Head_k7 = Instance.new("Pose")
Head_k7.Name = "Head"
Head_k7.CFrame = cf(0.000000,0.000000,0.018294,0.999269,-0.000000,0.038226,0.000000,1.000000,0.000000,-0.038226,-0.000000,0.999269)
Head_k7.Weight = 1
Head_k7.EasingStyle = Enum.EasingStyle.Linear
Head_k7.EasingDirection = Enum.EasingDirection.In
Head_k7.Parent = keyframe7

-- Keyframe 8 (Time: 0.2329999953508377)
local keyframe8 = Instance.new("Keyframe")
keyframe8.Time = 0.233000
keyframe8.Parent = KeyframeSequence

--HumanoidRootPart
local HumanoidRootPart_k8 = Instance.new("Pose")
HumanoidRootPart_k8.Name = "HumanoidRootPart"
HumanoidRootPart_k8.CFrame = cf(0.000000,0.000000,0.000000,1.000000,0.000000,0.000000,0.000000,1.000000,0.000000,0.000000,0.000000,1.000000)
HumanoidRootPart_k8.Weight = 1
HumanoidRootPart_k8.EasingStyle = Enum.EasingStyle.Linear
HumanoidRootPart_k8.EasingDirection = Enum.EasingDirection.In
HumanoidRootPart_k8.Parent = keyframe8

--Torso
local Torso_k8 = Instance.new("Pose")
Torso_k8.Name = "Torso"
Torso_k8.CFrame = cf(-0.059733,0.000000,-0.104633,0.997841,0.000000,-0.065674,0.000000,1.000000,0.000000,0.065674,0.000000,0.997841)
Torso_k8.Weight = 1
Torso_k8.EasingStyle = Enum.EasingStyle.Linear
Torso_k8.EasingDirection = Enum.EasingDirection.In
Torso_k8.Parent = keyframe8

--Left Leg
local Left_Leg_k8 = Instance.new("Pose")
Left_Leg_k8.Name = "Left Leg"
Left_Leg_k8.CFrame = cf(0.179800,1.133405,-0.083851,0.813283,0.315083,0.489176,-0.380739,0.923905,0.037904,-0.440010,-0.217075,0.871361)
Left_Leg_k8.Weight = 1
Left_Leg_k8.EasingStyle = Enum.EasingStyle.Linear
Left_Leg_k8.EasingDirection = Enum.EasingDirection.In
Left_Leg_k8.Parent = keyframe8

--Right Leg
local Right_Leg_k8 = Instance.new("Pose")
Right_Leg_k8.Name = "Right Leg"
Right_Leg_k8.CFrame = cf(0.448563,0.389318,0.202054,0.852602,0.318748,-0.414089,-0.293032,0.947740,0.126183,0.432669,0.013758,0.901448)
Right_Leg_k8.Weight = 1
Right_Leg_k8.EasingStyle = Enum.EasingStyle.Linear
Right_Leg_k8.EasingDirection = Enum.EasingDirection.In
Right_Leg_k8.Parent = keyframe8

--Left Arm
local Left_Arm_k8 = Instance.new("Pose")
Left_Arm_k8.Name = "Left Arm"
Left_Arm_k8.CFrame = cf(-0.411257,-0.004342,-0.375535,-0.087577,0.000823,-0.996157,-0.574775,0.816708,0.051206,0.813612,0.577051,-0.071052)
Left_Arm_k8.Weight = 1
Left_Arm_k8.EasingStyle = Enum.EasingStyle.Linear
Left_Arm_k8.EasingDirection = Enum.EasingDirection.In
Left_Arm_k8.Parent = keyframe8

--Right Arm
local Right_Arm_k8 = Instance.new("Pose")
Right_Arm_k8.Name = "Right Arm"
Right_Arm_k8.CFrame = cf(0.215560,0.630176,-0.282514,-0.959983,-0.275539,-0.050110,0.195162,-0.786507,0.585934,-0.200860,0.552707,0.808808)
Right_Arm_k8.Weight = 1
Right_Arm_k8.EasingStyle = Enum.EasingStyle.Linear
Right_Arm_k8.EasingDirection = Enum.EasingDirection.In
Right_Arm_k8.Parent = keyframe8

--Head
local Head_k8 = Instance.new("Pose")
Head_k8.Name = "Head"
Head_k8.CFrame = cf(0.000000,0.000000,0.018294,0.999189,-0.000000,0.040277,0.000000,1.000000,0.000000,-0.040277,-0.000000,0.999189)
Head_k8.Weight = 1
Head_k8.EasingStyle = Enum.EasingStyle.Linear
Head_k8.EasingDirection = Enum.EasingDirection.In
Head_k8.Parent = keyframe8

-- Keyframe 9 (Time: 0.2669999897480011)
local keyframe9 = Instance.new("Keyframe")
keyframe9.Time = 0.267000
keyframe9.Parent = KeyframeSequence

--HumanoidRootPart
local HumanoidRootPart_k9 = Instance.new("Pose")
HumanoidRootPart_k9.Name = "HumanoidRootPart"
HumanoidRootPart_k9.CFrame = cf(0.000000,0.000000,0.000000,1.000000,0.000000,0.000000,0.000000,1.000000,0.000000,0.000000,0.000000,1.000000)
HumanoidRootPart_k9.Weight = 1
HumanoidRootPart_k9.EasingStyle = Enum.EasingStyle.Linear
HumanoidRootPart_k9.EasingDirection = Enum.EasingDirection.In
HumanoidRootPart_k9.Parent = keyframe9

--Torso
local Torso_k9 = Instance.new("Pose")
Torso_k9.Name = "Torso"
Torso_k9.CFrame = cf(-0.061219,0.000000,0.033634,0.998278,0.000000,-0.058670,0.000000,1.000000,0.000000,0.058670,0.000000,0.998278)
Torso_k9.Weight = 1
Torso_k9.EasingStyle = Enum.EasingStyle.Linear
Torso_k9.EasingDirection = Enum.EasingDirection.In
Torso_k9.Parent = keyframe9

--Left Leg
local Left_Leg_k9 = Instance.new("Pose")
Left_Leg_k9.Name = "Left Leg"
Left_Leg_k9.CFrame = cf(-0.488031,0.896161,0.235078,0.791896,-0.360406,0.492959,0.355156,0.928511,0.108313,-0.496755,0.089305,0.863284)
Left_Leg_k9.Weight = 1
Left_Leg_k9.EasingStyle = Enum.EasingStyle.Linear
Left_Leg_k9.EasingDirection = Enum.EasingDirection.In
Left_Leg_k9.Parent = keyframe9

--Right Leg
local Right_Leg_k9 = Instance.new("Pose")
Right_Leg_k9.Name = "Right Leg"
Right_Leg_k9.CFrame = cf(0.510438,0.482406,0.228897,0.834468,0.354113,-0.422218,-0.336293,0.934224,0.118883,0.436544,0.042785,0.898665)
Right_Leg_k9.Weight = 1
Right_Leg_k9.EasingStyle = Enum.EasingStyle.Linear
Right_Leg_k9.EasingDirection = Enum.EasingDirection.In
Right_Leg_k9.Parent = keyframe9

--Left Arm
local Left_Arm_k9 = Instance.new("Pose")
Left_Arm_k9.Name = "Left Arm"
Left_Arm_k9.CFrame = cf(-0.406273,0.013473,-0.361898,-0.075714,-0.007844,-0.997099,-0.556181,0.830294,0.035701,0.827605,0.557270,-0.067228)
Left_Arm_k9.Weight = 1
Left_Arm_k9.EasingStyle = Enum.EasingStyle.Linear
Left_Arm_k9.EasingDirection = Enum.EasingDirection.In
Left_Arm_k9.Parent = keyframe9

--Right Arm
local Right_Arm_k9 = Instance.new("Pose")
Right_Arm_k9.Name = "Right Arm"
Right_Arm_k9.CFrame = cf(0.235718,0.615640,-0.281776,-0.957703,-0.276083,-0.081135,0.182732,-0.801295,0.569681,-0.222292,0.530759,0.817852)
Right_Arm_k9.Weight = 1
Right_Arm_k9.EasingStyle = Enum.EasingStyle.Linear
Right_Arm_k9.EasingDirection = Enum.EasingDirection.In
Right_Arm_k9.Parent = keyframe9

--Head
local Head_k9 = Instance.new("Pose")
Head_k9.Name = "Head"
Head_k9.CFrame = cf(0.000000,0.000000,0.018294,0.999117,-0.000000,0.042006,0.000000,1.000000,0.000000,-0.042006,-0.000000,0.999117)
Head_k9.Weight = 1
Head_k9.EasingStyle = Enum.EasingStyle.Linear
Head_k9.EasingDirection = Enum.EasingDirection.In
Head_k9.Parent = keyframe9

-- Keyframe 10 (Time: 0.30000001192092896)
local keyframe10 = Instance.new("Keyframe")
keyframe10.Time = 0.300000
keyframe10.Parent = KeyframeSequence

--HumanoidRootPart
local HumanoidRootPart_k10 = Instance.new("Pose")
HumanoidRootPart_k10.Name = "HumanoidRootPart"
HumanoidRootPart_k10.CFrame = cf(0.000000,0.000000,0.000000,1.000000,0.000000,0.000000,0.000000,1.000000,0.000000,0.000000,0.000000,1.000000)
HumanoidRootPart_k10.Weight = 1
HumanoidRootPart_k10.EasingStyle = Enum.EasingStyle.Linear
HumanoidRootPart_k10.EasingDirection = Enum.EasingDirection.In
HumanoidRootPart_k10.Parent = keyframe10

--Torso
local Torso_k10 = Instance.new("Pose")
Torso_k10.Name = "Torso"
Torso_k10.CFrame = cf(-0.053226,0.000000,0.086349,0.998969,0.000000,-0.045404,0.000000,1.000000,0.000000,0.045404,0.000000,0.998969)
Torso_k10.Weight = 1
Torso_k10.EasingStyle = Enum.EasingStyle.Linear
Torso_k10.EasingDirection = Enum.EasingDirection.In
Torso_k10.Parent = keyframe10

--Left Leg
local Left_Leg_k10 = Instance.new("Pose")
Left_Leg_k10.Name = "Left Leg"
Left_Leg_k10.CFrame = cf(-0.655114,0.435206,0.373263,0.651498,-0.579767,0.489307,0.601011,0.788017,0.133473,-0.462965,0.207121,0.861838)
Left_Leg_k10.Weight = 1
Left_Leg_k10.EasingStyle = Enum.EasingStyle.Linear
Left_Leg_k10.EasingDirection = Enum.EasingDirection.In
Left_Leg_k10.Parent = keyframe10

--Right Leg
local Right_Leg_k10 = Instance.new("Pose")
Right_Leg_k10.Name = "Right Leg"
Right_Leg_k10.CFrame = cf(0.544822,0.634310,0.244978,0.817326,0.376757,-0.435927,-0.366953,0.923678,0.110299,0.444212,0.069815,0.893197)
Right_Leg_k10.Weight = 1
Right_Leg_k10.EasingStyle = Enum.EasingStyle.Linear
Right_Leg_k10.EasingDirection = Enum.EasingDirection.In
Right_Leg_k10.Parent = keyframe10

--Left Arm
local Left_Arm_k10 = Instance.new("Pose")
Left_Arm_k10.Name = "Left Arm"
Left_Arm_k10.CFrame = cf(-0.404931,0.019494,-0.350996,-0.067359,-0.009563,-0.997683,-0.548761,0.835475,0.029042,0.833261,0.549446,-0.061525)
Left_Arm_k10.Weight = 1
Left_Arm_k10.EasingStyle = Enum.EasingStyle.Linear
Left_Arm_k10.EasingDirection = Enum.EasingDirection.In
Left_Arm_k10.Parent = keyframe10

--Right Arm
local Right_Arm_k10 = Instance.new("Pose")
Right_Arm_k10.Name = "Right Arm"
Right_Arm_k10.CFrame = cf(0.250133,0.604245,-0.279888,-0.956712,-0.275854,-0.092776,0.180152,-0.811671,0.555639,-0.228579,0.514873,0.826231)
Right_Arm_k10.Weight = 1
Right_Arm_k10.EasingStyle = Enum.EasingStyle.Linear
Right_Arm_k10.EasingDirection = Enum.EasingDirection.In
Right_Arm_k10.Parent = keyframe10

--Head
local Head_k10 = Instance.new("Pose")
Head_k10.Name = "Head"
Head_k10.CFrame = cf(0.000000,0.000000,0.018294,0.999248,-0.000000,0.038767,0.000000,1.000000,0.000000,-0.038767,-0.000000,0.999248)
Head_k10.Weight = 1
Head_k10.EasingStyle = Enum.EasingStyle.Linear
Head_k10.EasingDirection = Enum.EasingDirection.In
Head_k10.Parent = keyframe10

-- Keyframe 11 (Time: 0.3330000042915344)
local keyframe11 = Instance.new("Keyframe")
keyframe11.Time = 0.333000
keyframe11.Parent = KeyframeSequence

--HumanoidRootPart
local HumanoidRootPart_k11 = Instance.new("Pose")
HumanoidRootPart_k11.Name = "HumanoidRootPart"
HumanoidRootPart_k11.CFrame = cf(0.000000,0.000000,0.000000,1.000000,0.000000,0.000000,0.000000,1.000000,0.000000,0.000000,0.000000,1.000000)
HumanoidRootPart_k11.Weight = 1
HumanoidRootPart_k11.EasingStyle = Enum.EasingStyle.Linear
HumanoidRootPart_k11.EasingDirection = Enum.EasingDirection.In
HumanoidRootPart_k11.Parent = keyframe11

--Torso
local Torso_k11 = Instance.new("Pose")
Torso_k11.Name = "Torso"
Torso_k11.CFrame = cf(-0.033809,0.000000,0.067888,0.999789,0.000000,-0.020556,0.000000,1.000000,0.000000,0.020556,0.000000,0.999789)
Torso_k11.Weight = 1
Torso_k11.EasingStyle = Enum.EasingStyle.Linear
Torso_k11.EasingDirection = Enum.EasingDirection.In
Torso_k11.Parent = keyframe11

--Left Leg
local Left_Leg_k11 = Instance.new("Pose")
Left_Leg_k11.Name = "Left Leg"
Left_Leg_k11.CFrame = cf(-0.594848,0.403354,0.350996,0.709869,-0.507578,0.488314,0.526397,0.842964,0.110988,-0.467966,0.178260,0.865582)
Left_Leg_k11.Weight = 1
Left_Leg_k11.EasingStyle = Enum.EasingStyle.Linear
Left_Leg_k11.EasingDirection = Enum.EasingDirection.In
Left_Leg_k11.Parent = keyframe11

--Right Leg
local Right_Leg_k11 = Instance.new("Pose")
Right_Leg_k11.Name = "Right Leg"
Right_Leg_k11.CFrame = cf(0.392692,0.914105,0.186574,0.869521,0.221721,-0.441332,-0.216126,0.974288,0.063656,0.444098,0.040033,0.895083)
Right_Leg_k11.Weight = 1
Right_Leg_k11.EasingStyle = Enum.EasingStyle.Linear
Right_Leg_k11.EasingDirection = Enum.EasingDirection.In
Right_Leg_k11.Parent = keyframe11

--Left Arm
local Left_Arm_k11 = Instance.new("Pose")
Left_Arm_k11.Name = "Left Arm"
Left_Arm_k11.CFrame = cf(-0.405574,0.017122,-0.341034,-0.058477,-0.007775,-0.998258,-0.548628,0.835674,0.025630,0.834019,0.549171,-0.053133)
Left_Arm_k11.Weight = 1
Left_Arm_k11.EasingStyle = Enum.EasingStyle.Linear
Left_Arm_k11.EasingDirection = Enum.EasingDirection.In
Left_Arm_k11.Parent = keyframe11

--Right Arm
local Right_Arm_k11 = Instance.new("Pose")
Right_Arm_k11.Name = "Right Arm"
Right_Arm_k11.CFrame = cf(0.261120,0.594150,-0.277072,-0.956670,-0.276532,-0.091173,0.185260,-0.819644,0.542091,-0.224635,0.501711,0.835359)
Right_Arm_k11.Weight = 1
Right_Arm_k11.EasingStyle = Enum.EasingStyle.Linear
Right_Arm_k11.EasingDirection = Enum.EasingDirection.In
Right_Arm_k11.Parent = keyframe11

--Head
local Head_k11 = Instance.new("Pose")
Head_k11.Name = "Head"
Head_k11.CFrame = cf(0.000000,0.000000,0.018294,0.999659,-0.000000,0.026105,0.000000,1.000000,0.000000,-0.026105,-0.000000,0.999659)
Head_k11.Weight = 1
Head_k11.EasingStyle = Enum.EasingStyle.Linear
Head_k11.EasingDirection = Enum.EasingDirection.In
Head_k11.Parent = keyframe11

-- Keyframe 12 (Time: 0.367000013589859)
local keyframe12 = Instance.new("Keyframe")
keyframe12.Time = 0.367000
keyframe12.Parent = KeyframeSequence

--HumanoidRootPart
local HumanoidRootPart_k12 = Instance.new("Pose")
HumanoidRootPart_k12.Name = "HumanoidRootPart"
HumanoidRootPart_k12.CFrame = cf(0.000000,0.000000,0.000000,1.000000,0.000000,0.000000,0.000000,1.000000,0.000000,0.000000,0.000000,1.000000)
HumanoidRootPart_k12.Weight = 1
HumanoidRootPart_k12.EasingStyle = Enum.EasingStyle.Linear
HumanoidRootPart_k12.EasingDirection = Enum.EasingDirection.In
HumanoidRootPart_k12.Parent = keyframe12

--Torso
local Torso_k12 = Instance.new("Pose")
Torso_k12.Name = "Torso"
Torso_k12.CFrame = cf(-0.006075,0.000000,0.005547,0.999892,0.000000,0.014673,0.000000,1.000000,0.000000,-0.014673,0.000000,0.999892)
Torso_k12.Weight = 1
Torso_k12.EasingStyle = Enum.EasingStyle.Linear
Torso_k12.EasingDirection = Enum.EasingDirection.In
Torso_k12.Parent = keyframe12

--Left Leg
local Left_Leg_k12 = Instance.new("Pose")
Left_Leg_k12.Name = "Left Leg"
Left_Leg_k12.CFrame = cf(-0.504323,0.445168,0.311034,0.800135,-0.354035,0.484193,0.370549,0.926527,0.065126,-0.471675,0.127307,0.872534)
Left_Leg_k12.Weight = 1
Left_Leg_k12.EasingStyle = Enum.EasingStyle.Linear
Left_Leg_k12.EasingDirection = Enum.EasingDirection.In
Left_Leg_k12.Parent = keyframe12

--Right Leg
local Right_Leg_k12 = Instance.new("Pose")
Right_Leg_k12.Name = "Right Leg"
Right_Leg_k12.CFrame = cf(-0.111462,1.078459,0.061291,0.869223,-0.266811,-0.416250,0.271164,0.961239,-0.049893,0.413428,-0.069504,0.907880)
Right_Leg_k12.Weight = 1
Right_Leg_k12.EasingStyle = Enum.EasingStyle.Linear
Right_Leg_k12.EasingDirection = Enum.EasingDirection.In
Right_Leg_k12.Parent = keyframe12

--Left Arm
local Left_Arm_k12 = Instance.new("Pose")
Left_Arm_k12.Name = "Left Arm"
Left_Arm_k12.CFrame = cf(-0.406815,0.010375,-0.330058,-0.044650,-0.006278,-0.998983,-0.550991,0.834286,0.019384,0.833316,0.551296,-0.040710)
Left_Arm_k12.Weight = 1
Left_Arm_k12.EasingStyle = Enum.EasingStyle.Linear
Left_Arm_k12.EasingDirection = Enum.EasingDirection.In
Left_Arm_k12.Parent = keyframe12

--Right Arm
local Right_Arm_k12 = Instance.new("Pose")
Right_Arm_k12.Name = "Right Arm"
Right_Arm_k12.CFrame = cf(0.271579,0.583135,-0.273558,-0.956522,-0.279988,-0.081685,0.197124,-0.827028,0.526467,-0.214960,0.487475,0.846263)
Right_Arm_k12.Weight = 1
Right_Arm_k12.EasingStyle = Enum.EasingStyle.Linear
Right_Arm_k12.EasingDirection = Enum.EasingDirection.In
Right_Arm_k12.Parent = keyframe12

--Head
local Head_k12 = Instance.new("Pose")
Head_k12.Name = "Head"
Head_k12.CFrame = cf(0.000000,0.000000,0.018294,0.999994,-0.000000,0.003555,0.000000,1.000000,0.000000,-0.003555,-0.000000,0.999994)
Head_k12.Weight = 1
Head_k12.EasingStyle = Enum.EasingStyle.Linear
Head_k12.EasingDirection = Enum.EasingDirection.In
Head_k12.Parent = keyframe12

-- Keyframe 13 (Time: 0.4000000059604645)
local keyframe13 = Instance.new("Keyframe")
keyframe13.Time = 0.400000
keyframe13.Parent = KeyframeSequence

--HumanoidRootPart
local HumanoidRootPart_k13 = Instance.new("Pose")
HumanoidRootPart_k13.Name = "HumanoidRootPart"
HumanoidRootPart_k13.CFrame = cf(0.000000,0.000000,0.000000,1.000000,0.000000,0.000000,0.000000,1.000000,0.000000,0.000000,0.000000,1.000000)
HumanoidRootPart_k13.Weight = 1
HumanoidRootPart_k13.EasingStyle = Enum.EasingStyle.Linear
HumanoidRootPart_k13.EasingDirection = Enum.EasingDirection.In
HumanoidRootPart_k13.Parent = keyframe13

--Torso
local Torso_k13 = Instance.new("Pose")
Torso_k13.Name = "Torso"
Torso_k13.CFrame = cf(0.017155,0.000000,-0.091145,0.999023,0.000000,0.044188,0.000000,1.000000,0.000000,-0.044188,0.000000,0.999023)
Torso_k13.Weight = 1
Torso_k13.EasingStyle = Enum.EasingStyle.Linear
Torso_k13.EasingDirection = Enum.EasingDirection.In
Torso_k13.Parent = keyframe13

--Left Leg
local Left_Leg_k13 = Instance.new("Pose")
Left_Leg_k13.Name = "Left Leg"
Left_Leg_k13.CFrame = cf(-0.419171,0.472400,0.271932,0.857377,-0.201626,0.473553,0.214827,0.976286,0.026729,-0.467712,0.078815,0.880360)
Left_Leg_k13.Weight = 1
Left_Leg_k13.EasingStyle = Enum.EasingStyle.Linear
Left_Leg_k13.EasingDirection = Enum.EasingDirection.In
Left_Leg_k13.Parent = keyframe13

--Right Leg
local Right_Leg_k13 = Instance.new("Pose")
Right_Leg_k13.Name = "Right Leg"
Right_Leg_k13.CFrame = cf(-0.318438,0.854284,0.049992,0.666894,-0.640245,-0.381232,0.643116,0.752954,-0.139508,0.376369,-0.152139,0.913893)
Right_Leg_k13.Weight = 1
Right_Leg_k13.EasingStyle = Enum.EasingStyle.Linear
Right_Leg_k13.EasingDirection = Enum.EasingDirection.In
Right_Leg_k13.Parent = keyframe13

--Left Arm
local Left_Arm_k13 = Instance.new("Pose")
Left_Arm_k13.Name = "Left Arm"
Left_Arm_k13.CFrame = cf(-0.408759,-0.000464,-0.318387,-0.026347,-0.004997,-0.999640,-0.555638,0.831358,0.010489,0.831007,0.555714,-0.024681)
Left_Arm_k13.Weight = 1
Left_Arm_k13.EasingStyle = Enum.EasingStyle.Linear
Left_Arm_k13.EasingDirection = Enum.EasingDirection.In
Left_Arm_k13.Parent = keyframe13

--Right Arm
local Right_Arm_k13 = Instance.new("Pose")
Right_Arm_k13.Name = "Right Arm"
Right_Arm_k13.CFrame = cf(0.281143,0.571998,-0.269634,-0.955980,-0.286235,-0.064595,0.214994,-0.833067,0.509684,-0.199701,0.473360,0.857934)
Right_Arm_k13.Weight = 1
Right_Arm_k13.EasingStyle = Enum.EasingStyle.Linear
Right_Arm_k13.EasingDirection = Enum.EasingDirection.In
Right_Arm_k13.Parent = keyframe13

--Head
local Head_k13 = Instance.new("Pose")
Head_k13.Name = "Head"
Head_k13.CFrame = cf(0.000000,0.000000,0.018295,0.999856,-0.000000,-0.016953,0.000000,1.000000,-0.000000,0.016953,0.000000,0.999856)
Head_k13.Weight = 1
Head_k13.EasingStyle = Enum.EasingStyle.Linear
Head_k13.EasingDirection = Enum.EasingDirection.In
Head_k13.Parent = keyframe13

-- Keyframe 14 (Time: 0.43299999833106995)
local keyframe14 = Instance.new("Keyframe")
keyframe14.Time = 0.433000
keyframe14.Parent = KeyframeSequence

--HumanoidRootPart
local HumanoidRootPart_k14 = Instance.new("Pose")
HumanoidRootPart_k14.Name = "HumanoidRootPart"
HumanoidRootPart_k14.CFrame = cf(0.000000,0.000000,0.000000,1.000000,0.000000,0.000000,0.000000,1.000000,0.000000,0.000000,0.000000,1.000000)
HumanoidRootPart_k14.Weight = 1
HumanoidRootPart_k14.EasingStyle = Enum.EasingStyle.Linear
HumanoidRootPart_k14.EasingDirection = Enum.EasingDirection.In
HumanoidRootPart_k14.Parent = keyframe14

--Torso
local Torso_k14 = Instance.new("Pose")
Torso_k14.Name = "Torso"
Torso_k14.CFrame = cf(0.025237,0.000000,-0.195438,0.998505,0.000000,0.054653,0.000000,1.000000,0.000000,-0.054653,0.000000,0.998505)
Torso_k14.Weight = 1
Torso_k14.EasingStyle = Enum.EasingStyle.Linear
Torso_k14.EasingDirection = Enum.EasingDirection.In
Torso_k14.Parent = keyframe14

--Left Leg
local Left_Leg_k14 = Instance.new("Pose")
Left_Leg_k14.Name = "Left Leg"
Left_Leg_k14.CFrame = cf(-0.389093,0.476606,0.254873,0.873422,-0.143542,0.465327,0.154513,0.987881,0.014717,-0.461801,0.059045,0.885016)
Left_Leg_k14.Weight = 1
Left_Leg_k14.EasingStyle = Enum.EasingStyle.Linear
Left_Leg_k14.EasingDirection = Enum.EasingDirection.In
Left_Leg_k14.Parent = keyframe14

--Right Leg
local Right_Leg_k14 = Instance.new("Pose")
Right_Leg_k14.Name = "Right Leg"
Right_Leg_k14.CFrame = cf(-0.308087,0.565642,0.010691,0.447445,-0.810454,-0.378097,0.837777,0.527789,-0.139885,0.312926,-0.254170,0.915137)
Right_Leg_k14.Weight = 1
Right_Leg_k14.EasingStyle = Enum.EasingStyle.Linear
Right_Leg_k14.EasingDirection = Enum.EasingDirection.In
Right_Leg_k14.Parent = keyframe14

--Left Arm
local Left_Arm_k14 = Instance.new("Pose")
Left_Arm_k14.Name = "Left Arm"
Left_Arm_k14.CFrame = cf(-0.411483,-0.014558,-0.306551,-0.004703,-0.003815,-0.999982,-0.562056,0.827099,-0.000512,0.827086,0.562043,-0.006034)
Left_Arm_k14.Weight = 1
Left_Arm_k14.EasingStyle = Enum.EasingStyle.Linear
Left_Arm_k14.EasingDirection = Enum.EasingDirection.In
Left_Arm_k14.Parent = keyframe14

--Right Arm
local Right_Arm_k14 = Instance.new("Pose")
Right_Arm_k14.Name = "Right Arm"
Right_Arm_k14.CFrame = cf(0.289439,0.561944,-0.265822,-0.954721,-0.294525,-0.041980,0.236515,-0.837010,0.493432,-0.180466,0.461161,0.868771)
Right_Arm_k14.Weight = 1
Right_Arm_k14.EasingStyle = Enum.EasingStyle.Linear
Right_Arm_k14.EasingDirection = Enum.EasingDirection.In
Right_Arm_k14.Parent = keyframe14

--Head
local Head_k14 = Instance.new("Pose")
Head_k14.Name = "Head"
Head_k14.CFrame = cf(0.000000,0.000000,0.018294,0.999700,-0.000000,-0.024488,0.000000,1.000000,-0.000000,0.024488,0.000000,0.999700)
Head_k14.Weight = 1
Head_k14.EasingStyle = Enum.EasingStyle.Linear
Head_k14.EasingDirection = Enum.EasingDirection.In
Head_k14.Parent = keyframe14

-- Keyframe 15 (Time: 0.46700000762939453)
local keyframe15 = Instance.new("Keyframe")
keyframe15.Time = 0.467000
